index,0,1,2
26457,0.072,0.23533333333333334,0.6926666666666667
26458,0.32,0.08266666666666668,0.5973333333333333
26459,0.034333333333333334,0.10800000000000001,0.8576666666666666
26460,0.0732,0.24300000000000002,0.6838
26461,0.12633333333333335,0.20600000000000002,0.6676666666666666
26462,0.11199999999999999,0.06,0.8280000000000001
26463,0.458,0.502,0.04
26464,0.022,0.037,0.9410000000000001
26465,0.134,0.11316666666666668,0.7528333333333334
26466,0.12366666666666666,0.2986666666666667,0.5776666666666667
26467,0.041999999999999996,0.09999999999999999,0.858
26468,0.008,0.11433333333333333,0.8776666666666667
26469,0.61,0.012666666666666668,0.37733333333333335
26470,0.026000000000000002,0.1725380952380952,0.8014619047619048
26471,0.044,0.14137142857142856,0.8146285714285714
26472,0.3217619047619048,0.22799999999999998,0.4502380952380952
26473,0.014133333333333335,0.036,0.9498666666666665
26474,0.22000000000000003,0.776,0.004
26475,0.3346333333333334,0.2536,0.41176666666666667
26476,0.0155,0.063,0.9215
26477,0.1508809523809524,0.1,0.7491190476190475
26478,0.0775,0.0425,0.8799999999999999
26479,0.013999999999999999,0.1345,0.8515
26480,0.030833333333333334,0.13999999999999999,0.8291666666666666
26481,0.123,0.45866666666666667,0.41833333333333333
26482,0.16899999999999998,0.05,0.7809999999999999
26483,0.09,0.128,0.782
26484,0.22599999999999998,0.06113333333333334,0.7128666666666668
26485,0.019999999999999997,0.048,0.932
26486,0.014000000000000002,0.282,0.704
26487,0.092,0.15733333333333333,0.7506666666666667
26488,0.14600000000000002,0.836,0.018
26489,0.011,0.268,0.721
26490,0.032,0.36449999999999994,0.6035
26491,0.034,0.03200000000000001,0.9339999999999999
26492,0.018000000000000002,0.152,0.8299999999999998
26493,0.852,0.14800000000000002,0.0
26494,0.041999999999999996,0.3049666666666667,0.6530333333333334
26495,0.07600000000000001,0.06866666666666667,0.8553333333333333
26496,0.16466666666666668,0.27033333333333337,0.5650000000000001
26497,0.06399999999999999,0.7,0.236
26498,0.28103333333333336,0.38466666666666666,0.3343
26499,0.002,0.1265,0.8714999999999999
26500,0.017866666666666666,0.30806666666666666,0.6740666666666666
26501,0.14986666666666668,0.2576,0.5925333333333334
26502,0.006,0.036000000000000004,0.958
26503,0.15,0.41600000000000004,0.434
26504,0.05800000000000001,0.26,0.682
26505,0.044,0.022666666666666665,0.9333333333333333
26506,0.062,0.8539999999999999,0.08399999999999999
26507,0.23159999999999997,0.7344000000000002,0.033999999999999996
26508,0.13799999999999998,0.154,0.708
26509,0.062,0.076,0.8619999999999999
26510,0.004,0.1085,0.8875
26511,0.052000000000000005,0.06166666666666667,0.8863333333333333
26512,0.11300000000000002,0.071,0.8160000000000001
26513,0.008,0.15283333333333332,0.8391666666666666
26514,0.10266666666666666,0.049,0.8483333333333333
26515,0.19714285714285715,0.034,0.7688571428571429
26516,0.051000000000000004,0.24100000000000002,0.7080000000000001
26517,0.19866666666666669,0.7953333333333334,0.006
26518,0.062,0.26600000000000007,0.6719999999999999
26519,0.6333333333333334,0.06266666666666668,0.304
26520,0.01,0.8540000000000001,0.136
26521,0.019999999999999997,0.12733333333333335,0.8526666666666666
26522,0.08,0.236,0.6839999999999999
26523,0.0908,0.09886666666666667,0.8103333333333333
26524,0.029000000000000005,0.2518333333333333,0.7191666666666666
26525,0.19,0.095,0.715
26526,0.064,0.335,0.601
26527,0.07383333333333333,0.514,0.4121666666666667
26528,0.11578095238095236,0.8742190476190477,0.01
26529,0.434,0.03,0.536
26530,0.05346666666666666,0.174,0.7725333333333333
26531,0.008,0.026166666666666664,0.9658333333333333
26532,0.6208,0.05149999999999999,0.3277
26533,0.03973333333333333,0.033999999999999996,0.9262666666666666
26534,0.1791333333333333,0.132,0.6888666666666666
26535,0.016999999999999998,0.038000000000000006,0.9450000000000001
26536,0.2733,0.033,0.6937
26537,0.11800000000000002,0.01,0.8720000000000001
26538,0.012,0.4766666666666667,0.5113333333333334
26539,0.19,0.2033333333333333,0.6066666666666667
26540,0.21599999999999997,0.35600000000000004,0.42799999999999994
26541,0.0208,0.0792,0.9
26542,0.074,0.12793333333333334,0.7980666666666666
26543,0.052000000000000005,0.08,0.868
26544,0.10600000000000001,0.08399999999999999,0.8099999999999999
26545,0.057999999999999996,0.30599999999999994,0.6360000000000001
26546,0.028499999999999998,0.173,0.7985
26547,0.01866666666666666,0.0801,0.9012333333333334
26548,0.027999999999999997,0.016999999999999998,0.9549999999999998
26549,0.39216666666666666,0.5938333333333333,0.014000000000000002
26550,0.008333333333333335,0.4295,0.5621666666666666
26551,0.01666666666666667,0.5791666666666666,0.4041666666666666
26552,0.029666666666666668,0.13799999999999998,0.8323333333333333
26553,0.042,0.10699999999999998,0.851
26554,0.178,0.5095666666666666,0.31243333333333334
26555,0.11026666666666665,0.07070000000000001,0.8190333333333333
26556,0.02316666666666667,0.028000000000000004,0.9488333333333333
26557,0.05,0.042,0.908
26558,0.732,0.06399999999999999,0.20400000000000001
26559,0.197,0.062,0.741
26560,0.03133333333333334,0.2275333333333333,0.7411333333333333
26561,0.033666666666666664,0.1122,0.8541333333333334
26562,0.030666666666666665,0.06233333333333334,0.907
26563,0.049,0.13999999999999999,0.8109999999999999
26564,0.02,0.0672,0.9128000000000001
26565,0.048,0.7493000000000001,0.20270000000000002
26566,0.12105714285714284,0.25494285714285714,0.624
26567,0.002,0.044,0.954
26568,0.31033333333333335,0.6476666666666666,0.041999999999999996
26569,0.01633333333333333,0.054000000000000006,0.9296666666666666
26570,0.365,0.22199999999999998,0.413
26571,0.08800000000000001,0.0948,0.8172
26572,0.1742857142857143,0.2968,0.5289142857142857
26573,0.058666666666666666,0.09866666666666667,0.8426666666666666
26574,0.12000000000000002,0.06,0.82
26575,0.04933333333333333,0.06533333333333333,0.8853333333333333
26576,0.04566666666666667,0.126,0.8283333333333334
26577,0.04650000000000001,0.07366666666666666,0.8798333333333334
26578,0.36506666666666665,0.18,0.4549333333333333
26579,0.2145,0.7535000000000001,0.031999999999999994
26580,0.06283333333333334,0.09096666666666667,0.8462
26581,0.188,0.21183333333333332,0.6001666666666667
26582,0.004,0.01,0.986
26583,0.033,0.11400000000000002,0.853
26584,0.05900000000000001,0.032499999999999994,0.9085000000000001
26585,0.022,0.728,0.25
26586,0.24300000000000002,0.534,0.223
26587,0.15083333333333332,0.4712666666666667,0.3779
26588,0.10400000000000001,0.027666666666666666,0.8683333333333334
26589,0.029833333333333333,0.256,0.7141666666666666
26590,0.024,0.7020523809523811,0.273947619047619
26591,0.136,0.8539999999999999,0.01
26592,0.26849999999999996,0.0505,0.681
26593,0.266,0.382,0.352
26594,0.074,0.138,0.788
26595,0.018,0.020666666666666667,0.9613333333333334
26596,0.052000000000000005,0.07300000000000001,0.875
26597,0.0485,0.7174999999999999,0.23399999999999999
26598,0.004,0.10600000000000001,0.89
26599,0.061999999999999986,0.06000000000000001,0.8780000000000001
26600,0.0085,0.051500000000000004,0.9400000000000001
26601,0.05206666666666667,0.15200000000000002,0.7959333333333333
26602,0.097,0.0529,0.8501
26603,0.10683333333333334,0.1055,0.7876666666666667
26604,0.048,0.488,0.46399999999999997
26605,0.07,0.144,0.7859999999999999
26606,0.09163333333333333,0.16066666666666668,0.7476999999999999
26607,0.18200000000000002,0.8160000000000001,0.002
26608,0.04266666666666667,0.10866666666666666,0.8486666666666667
26609,0.041666666666666664,0.06,0.8983333333333332
26610,0.16570000000000001,0.8202999999999999,0.014000000000000002
26611,0.068,0.129,0.8030000000000002
26612,0.05700000000000001,0.42799999999999994,0.515
26613,0.05333333333333333,0.19099999999999998,0.7556666666666667
26614,0.006,0.10516666666666667,0.8888333333333334
26615,0.12796666666666665,0.15997619047619047,0.7120571428571429
26616,0.065,0.13166666666666665,0.8033333333333333
26617,0.2169,0.15000000000000002,0.6331
26618,0.17400000000000002,0.10066666666666665,0.7253333333333334
26619,0.08333333333333334,0.20893333333333333,0.7077333333333333
26620,0.14800000000000002,0.85,0.002
26621,0.07200000000000001,0.10200000000000001,0.826
26622,0.08859999999999998,0.4272,0.48419999999999996
26623,0.008,0.8360666666666667,0.1559333333333333
26624,0.07599999999999998,0.2680666666666667,0.6559333333333333
26625,0.6799999999999999,0.072,0.248
26626,0.062,0.01,0.9280000000000002
26627,0.042,0.078,0.8800000000000001
26628,0.024,0.030000000000000006,0.9460000000000001
26629,0.051000000000000004,0.038,0.9109999999999999
26630,0.12733333333333335,0.1795,0.6931666666666667
26631,0.007000000000000001,0.10833333333333335,0.8846666666666667
26632,0.244,0.21480000000000002,0.5412
26633,0.0965,0.173,0.7304999999999999
26634,0.06599999999999999,0.041999999999999996,0.892
26635,0.08733333333333333,0.13399999999999998,0.7786666666666667
26636,0.196,0.2940666666666666,0.5099333333333333
26637,0.002,0.0851,0.9128999999999999
26638,0.044,0.74,0.21599999999999997
26639,0.258,0.5152,0.22680000000000003
26640,0.06253333333333334,0.21503333333333333,0.7224333333333333
26641,0.06300000000000001,0.833,0.10399999999999998
26642,0.12588888888888888,0.1395,0.7346111111111111
26643,0.266,0.14933333333333332,0.5846666666666667
26644,0.22403333333333336,0.10596666666666668,0.6699999999999999
26645,0.03866666666666667,0.08199999999999999,0.8793333333333333
26646,0.654,0.046,0.3
26647,0.09929999999999997,0.10366666666666666,0.7970333333333333
26648,0.03866666666666667,0.6623333333333334,0.299
26649,0.010499999999999999,0.066,0.9235
26650,0.7681333333333333,0.23186666666666672,0.0
26651,0.22800000000000004,0.758,0.014000000000000002
26652,0.5,0.022000000000000002,0.4779999999999999
26653,0.092,0.07999999999999999,0.828
26654,0.11466666666666667,0.5676666666666667,0.31766666666666665
26655,0.09973333333333334,0.339,0.5612666666666666
26656,0.094,0.26680000000000004,0.6392
26657,0.076,0.20900000000000002,0.7150000000000001
26658,0.04966666666666667,0.202,0.7483333333333333
26659,0.09266666666666666,0.15256666666666666,0.7547666666666666
26660,0.024,0.466,0.51
26661,0.053000000000000005,0.136,0.8109999999999999
26662,0.029333333333333333,0.14666666666666667,0.8240000000000001
26663,0.16599999999999998,0.34,0.49399999999999994
26664,0.058499999999999996,0.16433333333333333,0.7771666666666668
26665,0.20040952380952382,0.5399999999999999,0.25959047619047615
26666,0.008,0.8163333333333334,0.1756666666666667
26667,0.047,0.05500000000000001,0.898
26668,0.08133333333333334,0.6503333333333333,0.2683333333333333
26669,0.03933333333333333,0.4355428571428572,0.5251238095238094
26670,0.348,0.288,0.364
26671,0.268,0.06136666666666666,0.6706333333333333
26672,0.016399999999999998,0.06559999999999999,0.9179999999999999
26673,0.121,0.2583333333333333,0.6206666666666667
26674,0.5046666666666667,0.1222,0.3731333333333334
26675,0.038,0.21820000000000003,0.7438
26676,0.10200000000000001,0.06633333333333334,0.8316666666666667
26677,0.040476190476190485,0.10366666666666668,0.855857142857143
26678,0.083,0.281,0.6359999999999999
26679,0.132,0.12800000000000003,0.74
26680,0.096,0.15,0.7539999999999999
26681,0.031,0.094,0.875
26682,0.1145,0.3225,0.5630000000000001
26683,0.042333333333333334,0.3355,0.6221666666666666
26684,0.028666666666666667,0.12683333333333333,0.8445
26685,0.19666666666666666,0.1075,0.6958333333333333
26686,0.02,0.07666666666666666,0.9033333333333333
26687,0.26216666666666666,0.20293333333333333,0.5349
26688,0.137,0.6236666666666666,0.23933333333333331
26689,0.04066666666666666,0.1315,0.8278333333333332
26690,0.016,0.0504,0.9336
26691,0.023333333333333334,0.07266666666666667,0.9040000000000001
26692,0.006,0.13566666666666666,0.8583333333333334
26693,0.3,0.15433333333333335,0.5456666666666667
26694,0.6592238095238094,0.33677619047619045,0.004
26695,0.14933333333333332,0.094,0.7566666666666666
26696,0.015,0.028000000000000004,0.9570000000000001
26697,0.06433333333333333,0.047999999999999994,0.8876666666666667
26698,0.07433333333333333,0.008666666666666666,0.917
26699,0.098,0.24500000000000002,0.657
26700,0.024,0.534,0.442
26701,0.3755,0.347,0.2775
26702,0.15695238095238095,0.322,0.521047619047619
26703,0.10833333333333332,0.10600000000000001,0.7856666666666666
26704,0.028000000000000004,0.12999999999999998,0.842
26705,0.08,0.0538,0.8662000000000001
26706,0.082,0.06066666666666666,0.8573333333333333
26707,0.5163333333333333,0.119,0.36466666666666664
26708,0.09005555555555554,0.10800000000000001,0.8019444444444443
26709,0.024,0.11066666666666666,0.8653333333333333
26710,0.172,0.28600000000000003,0.542
26711,0.052000000000000005,0.12783333333333333,0.8201666666666666
26712,0.07,0.17400000000000002,0.756
26713,0.0935,0.2903333333333334,0.6161666666666668
26714,0.06999999999999999,0.17600000000000002,0.7540000000000001
26715,0.023,0.6053666666666666,0.37163333333333337
26716,0.0375,0.8960000000000001,0.0665
26717,0.034,0.09323333333333332,0.8727666666666668
26718,0.05006666666666667,0.23900000000000002,0.7109333333333334
26719,0.04516666666666667,0.17583333333333334,0.779
26720,0.1525166666666667,0.203,0.6444833333333333
26721,0.0,0.43232380952380955,0.5676761904761904
26722,0.3378333333333333,0.05276190476190477,0.6094047619047619
26723,0.1257,0.06866666666666667,0.8056333333333333
26724,0.07100000000000001,0.471,0.458
26725,0.024,0.13249999999999998,0.8435
26726,0.09106666666666667,0.6789999999999999,0.22993333333333332
26727,0.13899999999999998,0.12199999999999997,0.7389999999999999
26728,0.08333333333333333,0.32266666666666666,0.594
26729,0.064,0.096,0.8400000000000001
26730,0.07966666666666666,0.2923333333333333,0.6279999999999999
26731,0.07233333333333333,0.16066666666666665,0.7669999999999999
26732,0.2150952380952381,0.7769047619047618,0.008
26733,0.034499999999999996,0.0455,0.9199999999999999
26734,0.076,0.262,0.6619999999999999
26735,0.0838095238095238,0.08685714285714285,0.8293333333333333
26736,0.07383333333333333,0.3422666666666666,0.5839000000000001
26737,0.1582952380952381,0.11800000000000002,0.7237047619047619
26738,0.013999999999999999,0.038,0.9480000000000001
26739,0.6108333333333335,0.054000000000000006,0.33516666666666667
26740,0.17099999999999999,0.028000000000000004,0.8009999999999999
26741,0.22800000000000004,0.764,0.008
26742,0.06566666666666666,0.12933333333333333,0.805
26743,0.272,0.11566666666666667,0.6123333333333333
26744,0.08669523809523809,0.14100000000000001,0.7723047619047618
26745,0.002,0.014000000000000002,0.984
26746,0.39949999999999997,0.176,0.4245
26747,0.05600000000000001,0.5218333333333333,0.4221666666666667
26748,0.33999999999999997,0.5519999999999999,0.10800000000000001
26749,0.0745,0.2848333333333334,0.6406666666666667
26750,0.076,0.042,0.882
26751,0.096,0.227,0.677
26752,0.044,0.7779999999999999,0.178
26753,0.15066666666666667,0.017933333333333336,0.8314
26754,0.041999999999999996,0.01,0.9479999999999998
26755,0.05978571428571429,0.0935,0.8467142857142858
26756,0.152,0.095,0.7529999999999999
26757,0.09175,0.10400000000000001,0.80425
26758,0.29500000000000004,0.35186666666666666,0.35313333333333335
26759,0.039999999999999994,0.1832,0.7767999999999999
26760,0.314,0.184,0.502
26761,0.0764,0.13451904761904762,0.7890809523809523
26762,0.0132,0.078,0.9088
26763,0.052000000000000005,0.132,0.8160000000000001
26764,0.0245,0.3311666666666667,0.6443333333333333
26765,0.05033333333333333,0.05600000000000001,0.8936666666666667
26766,0.028000000000000004,0.362,0.61
26767,0.1895,0.07656666666666667,0.7339333333333333
26768,0.028000000000000004,0.966,0.006
26769,0.149,0.2475,0.6035
26770,0.16499999999999998,0.10800000000000001,0.727
26771,0.2935,0.7005,0.006
26772,0.563,0.03666666666666667,0.4003333333333333
26773,0.1954761904761905,0.068,0.7365238095238095
26774,0.092,0.184,0.724
26775,0.022666666666666665,0.12400000000000003,0.8533333333333333
26776,0.05056666666666667,0.24066666666666667,0.7087666666666668
26777,0.194,0.086,0.72
26778,0.09200000000000001,0.08654545454545455,0.8214545454545454
26779,0.032999999999999995,0.066,0.901
26780,0.052000000000000005,0.24083333333333332,0.7071666666666666
26781,0.030000000000000006,0.15914285714285714,0.8108571428571428
26782,0.046,0.11713333333333335,0.8368666666666668
26783,0.2113142857142857,0.12158095238095237,0.6671047619047619
26784,0.05500000000000001,0.6495,0.2955
26785,0.038,0.1165,0.8455
26786,0.527,0.048,0.425
26787,0.019999999999999997,0.004,0.976
26788,0.06500000000000002,0.45200000000000007,0.483
26789,0.0713,0.25470000000000004,0.674
26790,0.0625,0.44976666666666654,0.48773333333333324
26791,0.042,0.10999999999999999,0.8479999999999999
26792,0.14733333333333334,0.1176,0.7350666666666668
26793,0.02733333333333333,0.14309047619047618,0.8295761904761905
26794,0.064,0.196,0.74
26795,0.028000000000000004,0.4321,0.5399
26796,0.132,0.85,0.018000000000000002
26797,0.24559999999999998,0.23786666666666667,0.5165333333333334
26798,0.32966666666666666,0.25780000000000003,0.41253333333333336
26799,0.10583333333333333,0.07416666666666667,0.8200000000000001
26800,0.08800000000000001,0.898,0.013999999999999999
26801,0.025,0.7035,0.2715
26802,0.13463333333333333,0.09,0.7753666666666666
26803,0.072,0.17,0.758
26804,0.031999999999999994,0.08719999999999999,0.8808
26805,0.034,0.03660000000000001,0.9294
26806,0.04766666666666667,0.1396666666666667,0.8126666666666666
26807,0.06613333333333334,0.05066666666666667,0.8832000000000001
26808,0.018,0.265,0.717
26809,0.036000000000000004,0.22066666666666665,0.7433333333333333
26810,0.019,0.20303333333333334,0.7779666666666667
26811,0.066,0.09033333333333333,0.8436666666666666
26812,0.04,0.21233333333333332,0.7476666666666667
26813,0.052000000000000005,0.5516666666666667,0.3963333333333333
26814,0.16666666666666666,0.07333333333333333,0.7600000000000001
26815,0.15966666666666665,0.24483333333333332,0.5955
26816,0.074,0.552,0.374
26817,0.24099999999999996,0.04816666666666666,0.7108333333333333
26818,0.05900000000000001,0.12200000000000003,0.819
26819,0.008,0.057999999999999996,0.9339999999999999
26820,0.14163333333333333,0.8443666666666665,0.013999999999999999
26821,0.10400000000000001,0.8480000000000001,0.048
26822,0.054000000000000006,0.22080000000000002,0.7251999999999998
26823,0.057666666666666665,0.10200000000000001,0.8403333333333333
26824,0.016,0.08883333333333333,0.8951666666666668
26825,0.06683333333333333,0.271,0.6621666666666666
26826,0.0684,0.076,0.8556000000000001
26827,0.10750000000000001,0.1555,0.737
26828,0.11266666666666666,0.18000000000000002,0.7073333333333334
26829,0.07766666666666668,0.15339999999999998,0.7689333333333334
26830,0.08600000000000001,0.040499999999999994,0.8734999999999999
26831,0.056666666666666664,0.148,0.7953333333333333
26832,0.002,0.12613333333333335,0.8718666666666666
26833,0.033999999999999996,0.057499999999999996,0.9085000000000001
26834,0.009,0.16899999999999998,0.8219999999999998
26835,0.8630000000000001,0.067,0.06999999999999999
26836,0.18516666666666665,0.5170357142857143,0.29779761904761903
26837,0.43066666666666664,0.07350000000000001,0.4958333333333334
26838,0.024,0.6731666666666667,0.3028333333333334
26839,0.6695,0.06000000000000001,0.2705
26840,0.36,0.3315,0.3085
26841,0.042,0.04,0.9179999999999999
26842,0.02,0.05800000000000001,0.922
26843,0.11733333333333333,0.14200000000000002,0.7406666666666666
26844,0.024,0.6215,0.3545
26845,0.4965,0.166,0.3375
26846,0.03866666666666667,0.08199999999999999,0.8793333333333333
26847,0.0305,0.10816666666666666,0.8613333333333333
26848,0.11459523809523808,0.20707142857142857,0.6783333333333333
26849,0.096,0.07333333333333333,0.8306666666666669
26850,0.26480000000000004,0.10200000000000001,0.6332
26851,0.06899999999999999,0.3112666666666667,0.6197333333333332
26852,0.07333333333333333,0.7040000000000001,0.22266666666666665
26853,0.08133333333333334,0.065,0.8536666666666666
26854,0.10300000000000001,0.866,0.031
26855,0.12966666666666665,0.18933333333333333,0.681
26856,0.28383333333333327,0.054000000000000006,0.6621666666666666
26857,0.12490000000000001,0.196,0.6790999999999999
26858,0.026761904761904765,0.6839047619047619,0.28933333333333333
26859,0.051500000000000004,0.626,0.32249999999999995
26860,0.033999999999999996,0.7153333333333334,0.2506666666666667
26861,0.14313333333333333,0.246,0.6108666666666667
26862,0.135,0.3327333333333334,0.5322666666666667
26863,0.02733333333333333,0.0956,0.8770666666666667
26864,0.026000000000000002,0.4754285714285714,0.49857142857142855
26865,0.11373333333333333,0.13886666666666664,0.7474000000000001
26866,0.01,0.074,0.916
26867,0.043,0.16399999999999998,0.7929999999999999
26868,0.04083333333333334,0.15666666666666668,0.8024999999999999
26869,0.01,0.0312,0.9587999999999999
26870,0.03,0.6849999999999999,0.28500000000000003
26871,0.134,0.162,0.704
26872,0.0455,0.21610000000000001,0.7384
26873,0.06016666666666667,0.11083333333333334,0.8290000000000001
26874,0.032,0.5,0.46799999999999997
26875,0.004,0.39376666666666665,0.6022333333333334
26876,0.034,0.0485,0.9174999999999999
26877,0.042833333333333334,0.133,0.8241666666666667
26878,0.034,0.378,0.588
26879,0.018,0.05450000000000001,0.9275
26880,0.577,0.11500000000000002,0.308
26881,0.15,0.169,0.6809999999999999
26882,0.30852380952380953,0.019,0.6724761904761904
26883,0.038,0.0975,0.8645000000000002
26884,0.036000000000000004,0.719,0.24499999999999997
26885,0.5760000000000001,0.032,0.392
26886,0.0428,0.037,0.9202
26887,0.032,0.1,0.868
26888,0.20703333333333335,0.19523333333333334,0.5977333333333334
26889,0.133,0.08733333333333333,0.7796666666666667
26890,0.06000000000000001,0.3466,0.5934
26891,0.046,0.49399999999999994,0.4600000000000001
26892,0.13033333333333336,0.5396666666666666,0.32999999999999996
26893,0.002,0.05600000000000001,0.942
26894,0.013999999999999999,0.092,0.8940000000000001
26895,0.13656666666666667,0.39533333333333337,0.4680999999999999
26896,0.092,0.309,0.599
26897,0.05740000000000001,0.25970000000000004,0.6829
26898,0.11200000000000002,0.1625,0.7255
26899,0.11699999999999999,0.09,0.7929999999999999
26900,0.018,0.24666666666666667,0.7353333333333334
26901,0.008,0.06,0.932
26902,0.016,0.054000000000000006,0.93
26903,0.03233333333333334,0.24,0.7276666666666667
26904,0.32899999999999996,0.629,0.042
26905,0.08,0.18571428571428572,0.7342857142857142
26906,0.022,0.09,0.8880000000000001
26907,0.019999999999999997,0.030000000000000006,0.95
26908,0.012,0.088,0.9
26909,0.036,0.632,0.332
26910,0.10733333333333332,0.21253333333333332,0.6801333333333334
26911,0.1268333333333333,0.09996666666666668,0.7731999999999999
26912,0.038,0.182,0.78
26913,0.15,0.054000000000000006,0.796
26914,0.024,0.24,0.736
26915,0.10400000000000001,0.118,0.7779999999999999
26916,0.178,0.8180000000000002,0.004
26917,0.014000000000000002,0.0844,0.9016
26918,0.1065,0.044333333333333336,0.8491666666666667
26919,0.5437380952380952,0.19657619047619046,0.2596857142857143
26920,0.044,0.08,0.876
26921,0.002,0.766447619047619,0.23155238095238095
26922,0.231,0.27,0.499
26923,0.016,0.031,0.953
26924,0.06999999999999999,0.05333333333333333,0.8766666666666667
26925,0.05750000000000001,0.128,0.8145
26926,0.21599999999999997,0.1966,0.5873999999999999
26927,0.046,0.24300000000000002,0.7110000000000001
26928,0.024,0.9746666666666666,0.0013333333333333333
26929,0.0648,0.21086666666666667,0.7243333333333333
26930,0.042,0.618,0.33999999999999997
26931,0.3731333333333334,0.6228666666666667,0.004
26932,0.06649999999999999,0.22313333333333335,0.7103666666666666
26933,0.44033333333333335,0.13,0.4296666666666667
26934,0.28600000000000003,0.11106666666666667,0.6029333333333333
26935,0.073,0.046,0.881
26936,0.07200000000000001,0.06200000000000001,0.866
26937,0.1785,0.15216666666666664,0.6693333333333332
26938,0.2764809523809523,0.6555190476190476,0.068
26939,0.2811666666666667,0.6768333333333334,0.042
26940,0.41600000000000004,0.21880000000000002,0.3652
26941,0.024,0.21789047619047622,0.7581095238095239
26942,0.05600000000000001,0.11900000000000002,0.825
26943,0.015,0.5333333333333334,0.45166666666666677
26944,0.074,0.11283333333333334,0.8131666666666668
26945,0.073,0.6700000000000002,0.257
26946,0.01,0.08399999999999999,0.906
26947,0.055400000000000005,0.15519047619047616,0.789409523809524
26948,0.07733333333333334,0.11666666666666667,0.806
26949,0.057999999999999996,0.08,0.8620000000000001
26950,0.05800000000000001,0.06300000000000001,0.8790000000000001
26951,0.6100000000000001,0.12200000000000003,0.268
26952,0.3878333333333333,0.15430000000000002,0.4578666666666667
26953,0.006,0.016,0.978
26954,0.046000000000000006,0.13333333333333336,0.8206666666666667
26955,0.027600000000000003,0.5985,0.37390000000000007
26956,0.066,0.38713333333333333,0.5468666666666666
26957,0.8713333333333333,0.02733333333333333,0.10133333333333332
26958,0.17986666666666667,0.3535,0.46663333333333334
26959,0.04533333333333334,0.15766666666666668,0.797
26960,0.11200000000000002,0.121,0.7670000000000001
26961,0.07665714285714287,0.08399999999999999,0.8393428571428571
26962,0.048,0.7470000000000001,0.205
26963,0.3,0.15433333333333335,0.5456666666666667
26964,0.028000000000000004,0.053000000000000005,0.9189999999999999
26965,0.039,0.5070333333333334,0.45396666666666663
26966,0.092,0.309,0.599
26967,0.05700000000000001,0.19916666666666666,0.7438333333333332
26968,0.12956666666666666,0.10466666666666666,0.7657666666666667
26969,0.046,0.06533333333333333,0.8886666666666667
26970,0.1288,0.11716666666666667,0.7540333333333333
26971,0.03799999999999999,0.1,0.8619999999999999
26972,0.194,0.51,0.296
26973,0.22000000000000003,0.10266666666666666,0.6773333333333333
26974,0.0588,0.07,0.8712
26975,0.05803333333333334,0.08479999999999999,0.8571666666666665
26976,0.20785714285714282,0.7581428571428571,0.033999999999999996
26977,0.08906666666666666,0.24900000000000003,0.6619333333333334
26978,0.017,0.2395,0.7435
26979,0.128,0.23316666666666666,0.6388333333333334
26980,0.1376,0.29906666666666665,0.5633333333333334
26981,0.052500000000000005,0.5285,0.41899999999999993
26982,0.13786666666666667,0.24173333333333336,0.6203999999999998
26983,0.088,0.25,0.662
26984,0.155,0.196,0.649
26985,0.05600000000000001,0.35200000000000004,0.5920000000000001
26986,0.019999999999999997,0.022,0.958
26987,0.038,0.722,0.24000000000000005
26988,0.01775,0.662,0.32025000000000003
26989,0.08766666666666667,0.1931904761904762,0.7191428571428571
26990,0.01766666666666667,0.018,0.9643333333333333
26991,0.07100000000000001,0.2045,0.7245000000000001
26992,0.2,0.45719999999999994,0.34280000000000005
26993,0.03266666666666667,0.04375,0.9235833333333334
26994,0.2886666666666667,0.13499999999999998,0.5763333333333334
26995,0.024333333333333332,0.2949333333333334,0.6807333333333333
26996,0.052000000000000005,0.22999999999999998,0.7180000000000001
26997,0.3037333333333333,0.3796,0.3166666666666667
26998,0.11616666666666667,0.046,0.8378333333333334
26999,0.3173333333333333,0.11813333333333334,0.5645333333333333
27000,0.049,0.30316666666666664,0.6478333333333334
27001,0.05723333333333334,0.4827666666666667,0.45999999999999996
27002,0.014000000000000002,0.26549999999999996,0.7205
27003,0.21516666666666667,0.41483333333333333,0.37
27004,0.072,0.16836666666666666,0.7596333333333334
27005,0.05,0.5479999999999999,0.402
27006,0.026000000000000002,0.056999999999999995,0.9170000000000001
27007,0.15063333333333334,0.5257,0.32366666666666666
27008,0.19240000000000002,0.3614,0.4462
27009,0.01,0.23600000000000004,0.7539999999999999
27010,0.0435,0.42000000000000004,0.5365
27011,0.15,0.4050000000000001,0.44499999999999995
27012,0.046,0.026000000000000002,0.9279999999999999
27013,0.21733333333333332,0.21600000000000003,0.5666666666666667
27014,0.016,0.6799999999999999,0.304
27015,0.076,0.33586666666666665,0.5881333333333334
27016,0.043000000000000003,0.11863333333333334,0.8383666666666667
27017,0.08333333333333334,0.05,0.8666666666666668
27018,0.046,0.06799999999999999,0.8859999999999999
27019,0.036,0.12,0.844
27020,0.04233333333333333,0.6564714285714286,0.3011952380952382
27021,0.024,0.51,0.466
27022,0.044,0.026000000000000002,0.93
27023,0.088,0.3788666666666667,0.5331333333333333
27024,0.06799999999999999,0.42600000000000005,0.506
27025,0.06266666666666666,0.05583333333333333,0.8815000000000002
27026,0.06566666666666668,0.10733333333333335,0.827
27027,0.008,0.027999999999999997,0.9640000000000001
27028,0.199,0.2586333333333334,0.5423666666666667
27029,0.006,0.188,0.806
27030,0.0036666666666666666,0.4455619047619047,0.5507714285714286
27031,0.6581333333333333,0.13386666666666666,0.20800000000000002
27032,0.11396666666666666,0.11883333333333332,0.7672
27033,0.054000000000000006,0.06,0.8859999999999999
27034,0.10500000000000001,0.27326666666666666,0.6217333333333334
27035,0.725,0.11699999999999999,0.158
27036,0.007000000000000001,0.08233333333333334,0.9106666666666667
27037,0.18166666666666664,0.11866666666666667,0.6996666666666667
27038,0.051000000000000004,0.094,0.8550000000000001
27039,0.43500000000000005,0.2621666666666667,0.30283333333333334
27040,0.2353333333333333,0.13333333333333336,0.6313333333333333
27041,0.010666666666666668,0.0415,0.9478333333333333
27042,0.15563333333333335,0.8078666666666667,0.036500000000000005
27043,0.11800000000000002,0.06520000000000001,0.8168000000000001
27044,0.019999999999999997,0.1275,0.8525
27045,0.0312,0.08480000000000001,0.884
27046,0.07533333333333334,0.05333333333333333,0.8713333333333335
27047,0.12200000000000003,0.2574666666666667,0.6205333333333333
27048,0.5643333333333334,0.43166666666666675,0.004
27049,0.076,0.47197619047619044,0.45202380952380955
27050,0.034,0.11400000000000002,0.852
27051,0.04,0.2815904761904762,0.6784095238095238
27052,0.09133333333333334,0.22016666666666668,0.6885000000000001
27053,0.08399999999999999,0.23833333333333334,0.6776666666666668
27054,0.051000000000000004,0.035166666666666666,0.9138333333333334
27055,0.11099999999999999,0.867,0.022
27056,0.09000000000000001,0.9059999999999999,0.004
27057,0.05600000000000001,0.244,0.7
27058,0.32,0.22400000000000003,0.45600000000000007
27059,0.072,0.076,0.852
27060,0.252,0.22933333333333333,0.5186666666666666
27061,0.784,0.08033333333333334,0.13566666666666666
27062,0.4218333333333333,0.10800000000000001,0.47016666666666673
27063,0.07163333333333333,0.08066666666666668,0.8477
27064,0.015999999999999997,0.006,0.978
27065,0.092,0.2798333333333333,0.6281666666666668
27066,0.15799999999999997,0.03949999999999999,0.8025
27067,0.034,0.156,0.8099999999999999
27068,0.6144238095238096,0.018,0.36757619047619045
27069,0.013999999999999999,0.052000000000000005,0.9339999999999999
27070,0.051000000000000004,0.1418,0.8071999999999999
27071,0.035,0.11039999999999998,0.8545999999999999
27072,0.027999999999999997,0.154,0.818
27073,0.044366666666666665,0.126,0.8296333333333333
27074,0.068,0.35,0.5820000000000001
27075,0.12806666666666666,0.15020000000000003,0.7217333333333333
27076,0.11950000000000001,0.06666666666666668,0.8138333333333334
27077,0.022,0.05800000000000001,0.9199999999999999
27078,0.02533333333333333,0.13666666666666666,0.8380000000000001
27079,0.005333333333333333,0.14079999999999998,0.8538666666666666
27080,0.048,0.751,0.201
27081,0.06366666666666666,0.03899999999999999,0.8973333333333333
27082,0.038,0.035583333333333335,0.9264166666666668
27083,0.07100000000000001,0.12033333333333333,0.8086666666666668
27084,0.017999999999999995,0.624,0.35800000000000004
27085,0.088,0.024333333333333332,0.8876666666666667
27086,0.17466666666666666,0.198,0.6273333333333333
27087,0.06200000000000001,0.034833333333333334,0.9031666666666667
27088,0.028000000000000004,0.072,0.9
27089,0.126,0.20516666666666666,0.6688333333333333
27090,0.036000000000000004,0.018,0.9460000000000001
27091,0.152,0.6739999999999999,0.174
27092,0.166,0.754,0.08
27093,0.1489333333333333,0.5453666666666667,0.30569999999999997
27094,0.22799999999999998,0.04933333333333333,0.7226666666666667
27095,0.11200000000000002,0.07866666666666668,0.8093333333333333
27096,0.22879999999999998,0.6897,0.0815
27097,0.121,0.2192,0.6597999999999999
27098,0.12276666666666666,0.323,0.5542333333333334
27099,0.02533333333333333,0.14250000000000002,0.8321666666666665
27100,0.007466666666666666,0.067,0.9255333333333333
27101,0.07833333333333334,0.22949999999999998,0.6921666666666667
27102,0.019666666666666666,0.19249999999999998,0.7878333333333334
27103,0.014666666666666666,0.11200000000000002,0.8733333333333334
27104,0.14836666666666667,0.1776666666666667,0.6739666666666666
27105,0.048,0.03066666666666667,0.9213333333333333
27106,0.052000000000000005,0.12200000000000003,0.826
27107,0.168,0.15633333333333332,0.6756666666666666
27108,0.023085714285714286,0.1757142857142857,0.8012
27109,0.20136666666666664,0.176,0.6226333333333334
27110,0.09666666666666665,0.064,0.8393333333333333
27111,0.029200000000000004,0.162,0.8088000000000001
27112,0.9403333333333335,0.012,0.04766666666666667
27113,0.028333333333333332,0.05500000000000001,0.9166666666666666
27114,0.074,0.14983333333333332,0.7761666666666667
27115,0.18216666666666667,0.186,0.6318333333333334
27116,0.043500000000000004,0.15866666666666668,0.7978333333333334
27117,0.064,0.384,0.5519999999999999
27118,0.018,0.049,0.933
27119,0.041,0.774,0.185
27120,0.188,0.8119999999999999,0.0
27121,0.271,0.721,0.008
27122,0.09566666666666668,0.21193333333333336,0.6924
27123,0.1065,0.10400000000000001,0.7895
27124,0.31100000000000005,0.19,0.499
27125,0.048,0.124,0.828
27126,0.046,0.20999999999999996,0.7440000000000001
27127,0.2367,0.10383333333333333,0.6594666666666666
27128,0.048,0.18506666666666666,0.7669333333333332
27129,0.1399,0.05,0.8100999999999999
27130,0.0538,0.03266666666666666,0.9135333333333332
27131,0.6391,0.075,0.2859
27132,0.21400000000000002,0.11000000000000001,0.6759999999999999
27133,0.033999999999999996,0.602,0.364
27134,0.11000000000000001,0.386,0.504
27135,0.029999999999999992,0.9139999999999999,0.05600000000000001
27136,0.04,0.5285,0.43149999999999994
27137,0.0445,0.097,0.8585
27138,0.514,0.17200000000000001,0.314
27139,0.05800000000000001,0.211,0.731
27140,0.506,0.034,0.45999999999999996
27141,0.08946666666666667,0.2558666666666667,0.6546666666666666
27142,0.5786666666666667,0.15599999999999997,0.2653333333333333
27143,0.131,0.064,0.805
27144,0.14200000000000002,0.12183333333333332,0.7361666666666666
27145,0.7276666666666667,0.049666666666666665,0.22266666666666665
27146,0.0323,0.06666666666666668,0.9010333333333334
27147,0.07166666666666668,0.14633333333333334,0.782
27148,0.022,0.09083333333333332,0.8871666666666667
27149,0.06,0.19699999999999998,0.743
27150,0.10800000000000001,0.08,0.812
27151,0.10400000000000001,0.08,0.8160000000000001
27152,0.13866666666666666,0.11530000000000003,0.7460333333333333
27153,0.0,0.13399999999999998,0.866
27154,0.0125,0.5654999999999999,0.422
27155,0.10666666666666666,0.13433333333333333,0.759
27156,0.21233333333333332,0.19433333333333336,0.5933333333333334
27157,0.03383333333333334,0.2363,0.7298666666666667
27158,0.012,0.012,0.976
27159,0.012,0.05,0.938
27160,0.012,0.1405,0.8474999999999999
27161,0.5264,0.08146666666666666,0.39213333333333333
27162,0.023899999999999998,0.4143714285714285,0.5617285714285715
27163,0.02,0.04733333333333333,0.9326666666666666
27164,0.151,0.09766666666666667,0.7513333333333334
27165,0.022,0.05,0.9280000000000002
27166,0.07533333333333334,0.16699999999999998,0.7576666666666667
27167,0.1135,0.16050000000000003,0.726
27168,0.05900000000000001,0.278,0.6629999999999999
27169,0.01,0.048,0.942
27170,0.24,0.058666666666666666,0.7013333333333334
27171,0.05,0.32432380952380957,0.6256761904761905
27172,0.022,0.048,0.93
27173,0.04,0.131,0.8290000000000001
27174,0.012666666666666668,0.496,0.4913333333333334
27175,0.25095476190476196,0.10826190476190475,0.6407833333333333
27176,0.048,0.12296666666666667,0.8290333333333333
27177,0.1,0.2822333333333333,0.6177666666666667
27178,0.045,0.078,0.877
27179,0.012,0.05500000000000001,0.933
27180,0.038571428571428576,0.09828571428571428,0.8631428571428572
27181,0.253,0.068,0.679
27182,0.11784999999999998,0.05950000000000001,0.82265
27183,0.008,0.042,0.95
27184,0.13600000000000004,0.05500000000000001,0.8089999999999999
27185,0.03866666666666667,0.027666666666666666,0.9336666666666666
27186,0.026000000000000002,0.16003333333333333,0.8139666666666667
27187,0.07160000000000001,0.13066666666666665,0.7977333333333333
27188,0.041499999999999995,0.09085000000000001,0.86765
27189,0.012,0.012,0.9760000000000002
27190,0.1456,0.024,0.8304
27191,0.20323333333333332,0.7667666666666667,0.030000000000000006
27192,0.052000000000000005,0.1895,0.7585
27193,0.01916666666666667,0.092,0.8888333333333334
27194,0.0708,0.17366666666666666,0.7555333333333333
27195,0.031999999999999994,0.030000000000000006,0.938
27196,0.07466666666666667,0.054333333333333345,0.8710000000000001
27197,0.174,0.19,0.6359999999999999
27198,0.012333333333333335,0.0,0.9876666666666665
27199,0.0412,0.10433333333333332,0.8544666666666668
27200,0.12000000000000002,0.592,0.288
27201,0.11200000000000002,0.174,0.714
27202,0.01,0.018,0.9720000000000001
27203,0.022,0.044,0.9339999999999999
27204,0.658,0.071,0.271
27205,0.044,0.10133333333333334,0.8546666666666667
27206,0.04566666666666667,0.096,0.8583333333333334
27207,0.148,0.118,0.734
27208,0.051000000000000004,0.14200000000000002,0.807
27209,0.15000000000000002,0.10800000000000001,0.7419999999999999
27210,0.064,0.092,0.844
27211,0.053000000000000005,0.39533333333333337,0.5516666666666666
27212,0.014000000000000002,0.027666666666666662,0.9583333333333334
27213,0.082,0.04766666666666667,0.8703333333333333
27214,0.17283333333333334,0.22366666666666662,0.6035
27215,0.12856666666666666,0.07583333333333334,0.7956
27216,0.016666666666666666,0.028666666666666663,0.9546666666666667
27217,0.3966,0.082,0.5214000000000001
27218,0.12533333333333335,0.189,0.6856666666666666
27219,0.09,0.364,0.546
27220,0.097,0.48600000000000004,0.417
27221,0.6799999999999999,0.13716666666666666,0.18283333333333335
27222,0.4648,0.5272,0.008
27223,0.029666666666666668,0.10200000000000001,0.8683333333333334
27224,0.11400000000000002,0.44079999999999997,0.4452
27225,0.0413,0.132,0.8267
27226,0.492,0.493,0.015000000000000003
27227,0.124,0.876,0.0
27228,0.1,0.378,0.522
27229,0.11599999999999999,0.044000000000000004,0.8400000000000001
27230,0.34829999999999994,0.2053333333333333,0.4463666666666667
27231,0.018666666666666665,0.07116666666666667,0.9101666666666667
27232,0.12066666666666667,0.10533333333333332,0.774
27233,0.258,0.384,0.358
27234,0.0245,0.09366666666666666,0.8818333333333334
27235,0.002,0.27199999999999996,0.7260000000000001
27236,0.39,0.286,0.32399999999999995
27237,0.12,0.4806666666666667,0.3993333333333333
27238,0.006,0.772,0.22200000000000003
27239,0.018499999999999996,0.34822380952380955,0.6332761904761904
27240,0.1768,0.7852,0.038
27241,0.22799999999999998,0.472,0.3
27242,0.08986666666666666,0.028000000000000004,0.8821333333333333
27243,0.5700000000000001,0.078,0.352
27244,0.2986666666666667,0.060333333333333336,0.6409999999999999
27245,0.004,0.006,0.99
27246,0.054000000000000006,0.07400000000000001,0.8720000000000001
27247,0.06449999999999999,0.2813333333333333,0.6541666666666666
27248,0.07333333333333333,0.7046666666666667,0.22199999999999998
27249,0.04,0.01,0.95
27250,0.061,0.27399999999999997,0.665
27251,0.07466666666666667,0.18333333333333332,0.742
27252,0.14100000000000001,0.25916666666666666,0.5998333333333333
27253,0.23199999999999998,0.538,0.23000000000000004
